1    20U 59007A   25164.19690633  .00000980  00000-0  37974-3 0  9998
2    20  33.3488 154.3626 1642920 236.9435 106.2713 11.60701228441733
1 00020U 59007A   25164.28293365  .00000985  00000-0  38184-3 0  9998
2 00020  33.3488 154.0535 1642933 237.4035 105.7390 11.60701417441718
1 00020U 59007A   25164.62704696  .00000871  00000-0  33558-3 0  9994
2 00020  33.3491 152.8174 1642954 239.2437 103.6228 11.60701232441752
1    20U 59007A   25165.22925696  .00000770  00000-0  29484-3 0  9997
2    20  33.3495 150.6540 1642978 242.4640  99.9698 11.60701421441856
1 00020U 59007A   25165.31528806  .00000766  00000-0  29315-3 0  9997
2 00020  33.3496 150.3451 1642982 242.9238  99.4534 11.60701539441830
1 00020U 59007A   25165.65941547  .00000732  00000-0  27936-3 0  9995
2 00020  33.3498 149.1089 1643004 244.7643  97.3995 11.60701868441878
1 00020U 59007A   25166.34768516  .00000700  00000-0  26651-3 0  9993
2 00020  33.3502 146.6365 1643031 248.4444  93.3558 11.60702698441955
1 00020U 59007A   25166.60579097  .00000696  00000-0  26505-3 0  9998
2 00020  33.3504 145.7093 1643036 249.8249  91.8606 11.60703126441985
1 00020U 59007A   25167.20804919  .00000678  00000-0  25770-3 0  9992
2 00020  33.3506 143.5460 1643053 253.0450  88.4182 11.60703891442050
1    20U 59007A   25168.24052570  .00000696  00000-0  26494-3 0  9999
2    20  33.3511 139.8373 1643075 258.5654  82.6636 11.60705516442200
1 00020U 59007A   25168.58469380  .00000679  00000-0  25821-3 0  9991
2 00020  33.3513 138.6011 1643073 260.4056  80.7860 11.60705990442219
1 00020U 59007A   25169.18699945  .00000672  00000-0  25570-3 0  9994
2 00020  33.3515 136.4376 1643077 263.6259  77.5481 11.60706814442281
1 00020U 59007A   25169.61722632  .00000665  00000-0  25299-3 0  9992
2 00020  33.3516 134.8924 1643081 265.9259  75.2724 11.60707392442336
1    20U 59007A   25169.61722632  .00000665  00000-0  25299-3 0  9992
2    20  33.3516 134.8924 1643081 265.9259  75.2724 11.60707392442369
1 00020U 59007A   25170.56374993  .00000638  00000-0  24241-3 0  9997
2 00020  33.3519 131.4926 1643072 270.9864  70.3705 11.60708525442448
1 00020U 59007A   25171.16610006  .00000610  00000-0  23132-3 0  9990
2 00020  33.3520 129.3290 1643073 274.2067  67.3242 11.60709162442511
1    20U 59007A   25171.16610006  .00000610  00000-0  23132-3 0  9990
2    20  33.3520 129.3290 1643073 274.2067  67.3242 11.60709162442544
1    20U 59007A   25172.19873049  .00000555  00000-0  20979-3 0  9996
2    20  33.3521 125.6200 1643044 279.7272  62.2291 11.60709996442667
1 00020U 59007A   25172.54294854  .00000559  00000-0  21166-3 0  9999
2 00020  33.3521 124.3838 1643034 281.5674  60.5651 11.60710410442671
1 00020U 59007A   25173.23139617  .00000528  00000-0  19975-3 0  9992
2 00020  33.3519 121.9110 1642999 285.2481  57.2862 11.60710999442758
1    20U 59007A   25173.23139617  .00000528  00000-0  19975-3 0  9992
2    20  33.3519 121.9110 1642999 285.2481  57.2862 11.60710999442781
1 00020U 59007A   25174.86651716  .00000535  00000-0  20359-3 0  9997
2 00020  33.3517 116.0377 1642913 293.9906  49.7467 11.60712740442944
1    20U 59007A   25174.86651716  .00000535  00000-0  20359-3 0  9997
2    20  33.3517 116.0377 1642913 293.9906  49.7467 11.60712740442977
1 00020U 59007A   25175.03863959  .00000533  00000-0  20304-3 0  9999
2 00020  33.3516 115.4195 1642900 294.9107  48.9723 11.60712920442962
1 00020U 59007A   25175.89926346  .00000579  00000-0  22223-3 0  9995
2 00020  33.3513 112.3281 1642825 299.5126  45.1505 11.60714063443068
1    20U 59007A   25175.89926346  .00000579  00000-0  22223-3 0  9995
2    20  33.3513 112.3281 1642825 299.5126  45.1505 11.60714063443091
1 00020U 59007A   25176.50171186  .00000533  00000-0  20458-3 0  9996
2 00020  33.3509 110.1642 1642766 302.7340  42.5234 11.60714320443133
1    20U 59007A   25177.01810240  .00000577  00000-0  22279-3 0  9995
2    20  33.3508 108.3092 1642721 305.4953  40.3010 11.60715136443225
1 00020U 59007A   25177.53449911  .00000587  00000-0  22727-3 0  9994
2 00020  33.3504 106.4540 1642681 308.2570  38.1044 11.60715698443257
1 00020U 59007A   25177.79269960  .00000592  00000-0  22940-3 0  9999
2 00020  33.3502 105.5264 1642659 309.6380  37.0154 11.60715984443288
