4
5
8
9
18
19
20
22
24
25
26
29
31
32
34
36
43
48
49
54
55
57
58
60
61
63
65
67
68
70
71
77
81
83
84
87
91
95
100
102
107
108
116
160
162
168
173
180
181
182
186
189
197
201
202
206
213
214
215
217
226
242
247
255
256
266
269
276
281
285
290
292
297
302
304
305
307
308
309
315
316
338
340
343
344
345
346
360
361
363
365
367
371
377
381
385
396
397
422
427
433
436
437
441
443
444
446
451
453
481
490
502
503
504
505
507
508
509
513
517
521
525
527
533
554
562
564
567
569
571
573
576
578
579
580
586
590
591
594
595
597
598
599
600
601
604
609
612
613
618
621
624
632
637
638
641
668
670
671
673
677
681
682
683
687
689
695
704
705
707
711
712
714
716
718
719
728
731
735
737
740
748
752
754
757
759
764
766
771
772
779
782
784
786
791
796
797
799
800
801
802
803
807
811
812
814
816
822
824
826
828
830
833
844
846
848
850
851
853
854
855
861
864
867
870
872
876
880
882
883
884
885
890
897
898
899
900
902
904
908
911
912
913
914
919
921
922
924
930
931
932
947
957
961
963
964
965
968
972
973
980
983
987
1085
1088
1089
1090
1091
1096
1097
1191
1246
1247
1250
1267
1268
1269
1272
1273
1274
1291
1292
1303
1305
1307
1310
1314
1315
1320
1329
1362
1366
1367
1374
1377
1381
1382
1385
1396
1404
1412
1420
1421
1422
1424
1430
1431
1441
1442
1443
1444
1445
1447
1464
1466
1467
1468
1469
1472
1505
1506
1510
1512
1513
1514
1515
1516
1520
1570
1571
1572
1573
1574
1577
1584
1585
1586
1587
1602
1615
1620
1629
1701
1706
1726
1730
1738
1777
1806
1814
1841
1843
1846
1864
1866
1868
1870
1939
1940
1941
1949
1952
1968
1982
1997
1998
2002
2012
2016
2019
2070
2091
2104
2119
2122
2125
2147
2152
2163
2168
2172
2173
2176
2181
2182
2183
2186
2191
2194
2196
2200
2202
2205
2210
2227
2253
2254
2289
2290
2295
2322
2324
2325
2348
2349
2351
2368
2376
2391
2393
2396
2397
2401
2414
2418
2420
2435
2517
2524
2525
2526
2527
2528
2536
2537
2565
2566
2568
2599
2601
2603
2606
2611
2612
2618
2624
2627
2632
2634
2642
2646
2656
2657
2664
2667
2670
2678
2680
2686
2687
2693
2695
2697
2703
2705
2710
2712
2714
2715
2720
2722
2736
2740
2743
2745
2750
2759
2761
2762
2773
2779
2780
2781
2801
2806
2807
2812
2813
2816
2827
2831
2832
2836
2842
2847
2848
2850
2851
2852
2858
2869
2872
2873
2874
2878
2884
2890
2893
2895
2901
2902
2910
2911
2914
2919
2921
2925
2935
2939
2942
2946
2947
2952
2965
2966
2973
2980
2981
2995
3000
3001
3008
3010
3012
3013
3014
3016
3020
3021
3024
3025
3026
3035
3043
3047
3052
3054
3055
3057
3058
3063
3067
3071
3074
3079
3093
3097
3098
3099
3100
3106
3107
3113
3114
3118
3128
3133
3134
3138
3139
3140
3141
3148
3150
3152
3153
3154
3156
3158
3174
3181
3183
3193
3199
3203
3205
3207
3220
3228
3229
3233
3266
3269
3272
3274
3276
3278
3279
3282
3294
3296
3297
3298
3304
3308
3310
3316
3318
3319
3322
3326
3332
3335
3336
3337
3338
3339
3344
3345
3347
3348
3351
3353
3375
3388
3398
3408
3409
3414
3418
3457
3459
3472
3473
3484
3486
3503
3504
3510
3511
3516
3526
3528
3530
3531
3532
3534
3542
3544
3562
3574
3576
3578
3594
3602
3604
3605
3612
3615
3624
3629
3651
3654
3656
3663
3665
3667
3672
3673
3675
3761
3764
3765
3769
3771
3772
3773
3775
3777
3780
3807
3818
3823
3824
3825
3826
3829
3830
3831
3833
3835
3846
3854
3855
3883
3885
3890
3891
3893
3895
3906
3914
3915
3939
3941
3944
3957
3971
3983
3984
3986
3988
3991
3994
4000
4034
4039
4042
4047
4050
4051
4054
4058
4065
4066
4072
4074
4076
4078
4080
4082
4097
4102
4103
4104
4106
4111
4114
4122
4124
4126
4128
4130
4136
4138
4150
4166
4168
4184
4186
4219
4221
4223
4225
4232
4247
4252
4256
4257
4259
4262
4264
4266
4273
4280
4282
4285
4292
4295
4296
4299
4301
4308
4315
4320
4321
4327
4328
4330
4338
4340
4342
4343
4344
4346
4349
4351
4355
4357
4360
4362
4363
4364
4369
4371
4373
4375
4378
4380
4383
4384
4385
4386
4387
4388
4390
4393
4401
4403
4405
4406
4407
4409
4411
4413
4416
4422
4425
4427
4446
4477
4482
4484
4487
4492
4495
4497
4501
4503
4507
4508
