3304
3308
3310
3316
3318
3319
3322
3326
3332
3335
3336
3337
3339
3344
3347
3348
3351
3353
3375
3388
3398
3408
3409
3414
3418
3457
3459
3472
3473
3484
3486
3503
3511
3516
3526
3528
3531
3532
3534
3542
3544
3562
3574
3578
3594
3602
3604
3612
3624
3629
3651
3654
3656
3663
3665
3667
3672
3675
3761
3764
3765
3769
3771
3772
3773
3775
3777
3780
3807
3818
3823
3824
3825
3826
3829
3830
3831
3833
3835
3846
3854
3855
3883
3885
3890
3891
3893
3895
3906
3914
3915
3939
3941
3944
3957
3971
3983
3984
3986
3988
3991
3994
4000
4034
4039
4042
4050
4051
4054
4058
4065
4066
4072
4074
4076
4078
4080
4082
4097
4102
4103
4104
4106
4111
4114
4122
4124
4126
4128
4130
4136
4150
4184
4186
4219
4223
4225
4232
4252
4257
4262
4264
4266
4273
4280
4282
4285
4292
4296
4299
4301
4308
4315
4328
4330
4331
4338
4340
4342
4343
4344
4346
4349
4351
4355
4357
4360
4364
4371
4373
4375
4378
4380
4393
4401
4403
4405
4406
4407
4409
4411
4413
4416
4422
4425
4427
4446
4477
4482
4484
4487
4492
4495
4497
4501
4503
4507
4508
